0.37816180948432926,0.8378265906944203,-0.9736958750441463,-1.3654021193129804,-0.49506246905262147,-0.7000712104005304,0.6170987968958093,-0.12175184340878946,0.9170752171718259,-0.07287710580674259,-1.1557165223005408,-0.8597269599546833,-1.8352144440984535,0.757090166617079,-0.05778776116401348,0.5551807122256136
-0.3622867252545868,-0.13043666802203474,-0.18457130284625803,-0.8214005049858609,-1.1226213403534684,-0.7904580772622636,-0.24982970064358823,-0.39286349087554884,0.4173337465371109,0.21674361753542917,-1.027715822355923,-1.217356436222759,1.2442629914021577,0.035528451306987466,1.2787433597509557,-0.5516735988893612
1.6654122822542885,0.4678141958355718,1.592456305008404,1.881696488420599,-1.6304307983304127,1.4834075560649922,-0.27333446313661486,-0.796829024651989,0.6975200852136001,-0.3889147143340912,-1.8595955939064102,0.12102872982402256,-1.64525858501247,-0.18998136810954394,0.31815660349576347,0.11022693406012014
0.7780575216675275,-1.3874509517333338,0.6744905660511525,0.7722431433995646,-0.6119562790080878,1.073825608334089,-2.362863030427236,-0.516662774585618,0.9379382489215008,-0.4597005205175144,-1.6548753321986005,0.559620914771627,-0.19518336727742627,0.7552082750519519,-0.07700233559128568,1.5335177927327819
1.1916702899967326,-0.21990380518998895,0.5256617415649577,0.37229733301279605,1.9826711304089712,-1.2903812277727906,-0.4559355491861238,0.45540619592647913,-0.15374103201993483,0.19221418269565663,1.058331588882513,-1.0723839981756051,1.506854995858643,-0.09467058474857161,-0.4622716150556846,-0.3118758018655962
1.803812827519715,-0.2881480973710599,0.7179064325281648,1.5873685972044753,0.2530409406888237,0.7889042103162333,-0.5620706082556045,0.2947504372939191,-0.36964579212089316,0.7005912009104482,1.498937699004662,0.7449218993263279,-0.4910792198125992,-1.1947380768405766,0.05605448442819786,0.6379296320489949
0.5585883477361347,0.00639505441801178,1.6085106038015644,-0.7870947670745683,-1.3097490572581605,-0.9016089597824826,-0.4623156886242484,0.1705058286931695,-0.41793153477333206,-2.3834649072466667,1.470113765647958,-0.13140837695959487,1.4423546633930018,0.9113667814977472,0.3839883801391884,-0.9367991984454014
-0.38363662771770113,-0.05858295731267745,0.8630964771990686,-1.0348636184132565,-1.473538737027419,-1.0817658868450166,1.17622609345623,-0.11355501086634583,-0.6961393690959538,0.5571734453715615,-0.5599337214215426,-0.6388808912219803,0.8300516920545848,0.6882249793531576,-0.1851824365545509,1.5920704346503411
-1.0828741442736984,-0.07040268266465527,-0.01645837291161624,-0.869318374185557,0.20291514657379867,0.1395554958244933,0.21159311529122055,0.04666004338872697,-1.248399400297957,-0.9848246519288913,-0.9163781110660939,-0.5921354638298528,1.225239059055568,1.1576685282030459,-1.3142928274281105,0.8358244088734268
1.5557997893607813,-0.8917761073167288,0.062291285636567426,-1.089324281464713,0.6402898449088453,-1.1146440180560544,0.2825226671734226,0.16020198086497572,-0.11057646120670443,1.8403223400480841,-0.06929302558827871,0.15674349856392863,1.9458564844975332,0.8109534186651531,1.4247576094355636,-1.4185142711320124
-0.7081701865183699,1.0731691403839894,1.0784725298443638,-0.29891908819887886,0.320499438004585,-0.8110248393987545,-0.41943141155368957,-0.1835938481502539,0.551016649920898,-0.18030836658440727,-0.7242721744083294,-0.41366572647075517,0.8802666176670322,-0.23262668924448648,0.7128358458759444,-0.7469904232478838
0.7741451257824861,1.2838672392936596,-0.1728059492241141,-0.5628407496347214,-0.14754240898974624,-0.9841033584296979,-0.5184954190102861,-0.8088914784567112,-0.09510556300084,-0.8180160160350544,0.10048578032703485,-0.8622954406258996,-0.99367091687889,-1.361113714528517,0.24957287222124352,2.0045524350778967
0.40423781726824093,1.0434530179103843,-1.0124983181531475,-0.2646721762562475,0.955414146057515,0.04547232360257199,0.8357710820953101,1.7254409825932224,-0.05280032041010381,-0.5282612782202444,1.4862051248620565,-0.27840862820547085,0.801347027805081,0.4219122853275694,-1.5704588195805855,-0.28307387274353235
-1.5270441673771733,2.224728082275322,0.6913667552381454,-1.2251629087009839,-1.4007163487123349,0.24388028694548092,0.6029878370020096,1.0326054238992748,-0.9886291752760612,-0.35405975319956057,1.8436364494091513,1.7508757500114145,-0.8884356151138116,-1.291917614387724,-1.7438540693589166,-0.40024937620792295
0.9252464619624159,0.3580618870334057,-0.5051201262003463,-0.012445151587985396,1.0121048815389984,-1.8013408899110739,-1.1584279895978449,-0.4151297944620791,0.3023514147313334,-0.16006840665246277,-0.5864444913846442,-1.666917793244567,-0.6356516940328125,0.4691887877869571,1.8357028842308314,-0.34533452608296866
-0.3499862010341916,0.09370777564573311,0.09314826650358318,-0.850915772888443,0.2868526689123043,1.3535595974932433,-0.274227034550711,0.802297491208793,-1.4463816524306945,0.1584521234859433,1.068288188802036,-1.480034841749429,0.5843494833786718,0.31337119515287404,1.7742642865249947,0.7114394432592925
-2.2756968515110363,-1.0511705244401501,-0.27700036394986277,-0.057995585794676535,2.275563501780777,-0.6645311483101201,-0.6278394892763141,-0.06435215345867026,-0.9535977534592691,-1.348228849591496,-1.1238513331865854,-0.38757649187307575,1.777140450184745,-0.5989173578614926,0.11692210621772925,0.21805241550858429
-1.2942069855834408,-1.161978967943862,-0.2440043722638541,-0.8756730402233681,-1.3809983476539156,1.5209342516524922,2.1502084693080232,-0.6735921859890263,-0.6040702985420903,0.13819339002831582,0.876801438372923,1.0962818954495013,-0.5227201445806201,0.022794301156485775,0.03188274423099196,-0.3668968505504482
0.05436579564913635,-0.7525709502566884,2.1798359442765705,-0.6191578948029589,1.7247329927241712,-1.6062910266464956,0.6500310755381852,1.1137678338154453,1.2413117284470996,-0.5677894243498566,0.7091553970465134,-0.1570632075488631,0.06522932295726262,1.2026352396082558,-1.3672523917568682,-0.17103773882848447
-0.2814870228821779,1.276823076267052,0.32803794744998177,0.2401588412858929,1.953910271750456,-0.050770578060482435,0.5379285108175257,0.43766107412577865,-0.7765802413768357,-0.15235298957554794,1.0450354651134588,-0.495062930292782,1.3684172366628258,-0.4616471685437084,0.9288798273830041,1.8109530233439115
1.263727913311973,0.07172501563263904,-0.14537473554576166,1.2152606096651037,-0.13690139003011997,-0.891878245696928,0.9051490695033614,1.778946631397765,0.45098290648244854,0.08540202383238481,-1.5623033623929792,0.9880680892732473,0.5082816563694704,1.2055747256472336,-1.0202104091673503,1.5698476836832735
1.1614800505183664,-0.8392312456088288,0.41244313859259923,-0.6215189017346828,-0.1080949575428474,1.3231441481160797,2.2028726110194716,0.41942582291503605,-0.9259344007430432,-0.2767593813129404,2.5117415124041846,-0.3645871367281326,0.35486070835020544,0.8914205010079472,0.3067707330569892,-0.11519849756457232
1.1877555379785514,1.3633857180552718,0.6921798130038066,0.2215342491260372,-1.2694207863087978,-1.442497871656422,0.9048858562406785,0.11489053694949418,-0.153179694387504,1.0417680465824362,1.0318259916846328,-0.3491172608948295,-1.272160952720662,-0.10054627991519624,1.5531814558206243,-0.18626415118735135
-1.5883965100498063,0.772676608307283,0.14673752209886007,-0.8072031306949639,0.11017528145888414,-1.1345188930159704,-1.283761436390254,-1.0715708082748119,0.6858156781382088,-1.3705981295438132,-0.799475192223417,0.5867806126138109,-0.010507100427889975,0.291786262427649,0.20539525512031398,0.8412031358667368
-0.5316522172136341,-0.1590772793101939,-0.6752327282068118,-1.2230433448353153,-0.4171190334330848,0.8781618585348002,-0.10895249776879296,1.0096717080191313,-0.44441508431799437,-0.13677258553825145,0.6409250877240786,0.8982226535511594,0.5622498501633872,-1.0257335183231535,-1.0219969628883834,0.0525316692133863
-2.822657144599391,0.5804151159292632,-0.4978905242399908,-0.47769614918455533,0.8193490993456776,0.24308657270226608,-0.06500806453692862,-0.997990825034962,-0.548721984355703,-1.2275979125708343,-0.1943239031249171,-0.21345219607726237,0.751242957979464,0.3467176449187239,-0.5871913748100904,0.8240889206104223
-0.6503351089562607,-0.43780743071418765,0.8870160463390921,0.7648009774523095,-0.3454657986805204,-0.42048124714107993,1.0896612963336714,-1.4055897664591626,0.22864460568198078,-0.4418134896287387,0.5262842864160903,0.08724746916498853,1.8758343987224901,0.9819210710079167,0.5052976054349385,-1.0908292123562182
-0.020389849845978955,0.3050970193244905,-0.9931324392356009,0.41798666112514826,0.6440184312922763,0.15534829852951923,2.1654170152686696,1.0705606601743014,-0.12842505933624979,1.0665597836308256,-0.32086307557649957,-0.841626207789183,-1.3712613619775111,0.07765354457948792,0.21145374735901465,-0.8587544489385446
0.7329228135400261,-1.0267837034632898,0.9692986826635558,0.9356330299932611,-1.5820277249035701,-0.8628087127407096,0.627345504830067,-1.441109274227342,0.1894455571619908,0.21734973148096498,0.7452592977667225,-2.362338026836509,-0.4600553094356132,0.45457575765249836,-0.8578590821211083,1.0585481841686657
0.2213756956483141,-1.025113180275806,-1.1940979884388012,1.0200707014873887,-0.549922967979627,0.49330076884793334,0.9646827021116592,0.30609094237543943,-0.8973827210571302,-0.38717682040823054,1.0593980091162938,0.2660710085827092,-1.3878081650972593,-0.20739055401818,-0.08042368854566771,1.6662005120849246
-1.1548194928091169,0.7688079860592341,0.9689413056876001,-0.13561974669146376,1.4641489293701742,-0.7556177381816076,-1.211330785956222,0.18952218292734602,-0.34735121475643677,1.0276196537167017,-0.20454988979013775,0.2175399492877277,-1.6115471983898877,-0.5590464448350086,0.39638440032594563,-0.3043373607088996
-0.4950861628992169,2.1792201071774144,0.10096314422508773,-0.400593433416521,-1.0203291533413323,-0.06256175669631482,-1.2173607138714835,0.014990103666904696,-0.8490989687240225,0.5563557274582728,-0.8625369236645354,0.015351117918083754,-0.3290471229792766,0.6262302975523596,-1.7658386154908352,0.9483152682259468
0.6154214655777976,-0.39279431393280373,0.10219140105972349,1.2944139232335088,-0.588261220620972,-1.7856947048871932,0.20143182862552958,-1.2727651143104366,0.898441625249921,-0.2861381627043532,1.5439837446042273,-0.3573720583741722,-0.30611595844380834,-0.4060079541087997,1.3342179459467653,-1.7912832119819342
0.020852818169732258,0.2985905817923496,-0.48570661755453093,0.5180082934181152,-1.3213298424753925,0.23586854364098922,0.4964142606989085,1.8750303328507139,-1.0537460995241608,2.7248714310714766,-1.487469277882049,-0.5782383214720945,0.23482046199656112,0.5643644367114686,-2.113988313478664,-0.45600075193037926
1.7443718864957782,-0.5218528360148851,-0.6513484451658014,-0.22128562491725112,0.3626738337972864,-1.5369853352077667,-1.204078634329035,1.0669388900166326,-1.3768632159984089,-0.7297135830508283,-0.23969107461674094,0.44276873656603416,0.9542503460977995,-0.39130053896258565,0.8893751877279696,2.284883407517217
0.44024853983926443,-0.9449490439411276,-0.20569925923767238,-1.1184997552236868,-0.273391018915852,1.090298324887677,0.97402502192991,2.252429260395092,-0.2625431287108017,0.3770433781282025,0.36158762686434026,-1.7699219879476868,0.48445434987419383,-1.1311303890750402,0.08553690223208238,0.6473413007134236
-0.841065340283064,-0.7954814405893124,0.1672697845852347,1.1314486085751778,0.4094621619242713,1.3139976764114514,-1.1862226568014191,0.06598503378355587,1.048436012576404,-0.36045123914542254,0.4187475441607784,0.251507124883613,0.18662880049352845,-0.3784715789887443,-1.7280648457741095,-0.08621818309999014
0.005303065951941645,-0.4847742029736397,0.9142481828374627,0.26454582843800184,-1.044791987038218,0.134793968378415,-0.5015872332959034,-1.269911185138704,-0.5573201936929887,-0.384006233373711,-0.19625668623133996,-0.5492315684624811,-0.7191245194038182,0.43620345710101494,2.0623197017484642,-0.848175899882258
-0.6047822638184763,0.6242630708784614,0.3961284533809663,-1.6050552232358801,0.6498408599605209,0.3201290621866779,-0.5215094583419615,-0.24958393143672522,-0.8655792621193283,-0.6296764738469105,1.2327832833844132,0.6938493341091039,-0.7171404159323626,-0.027206100877993886,1.524666666520281,-0.14826363393845055
-1.434452894938747,-0.8409238324389442,0.6915715851246055,-1.7538328449435916,-1.1099992954062008,-0.01912495260437476,-0.8433723406123719,2.1422952428495745,2.3852486440965737,-0.22061721792421157,-0.17549303100383698,-0.9567284966427542,0.6312867687984633,0.6997525329922099,0.04867989250095401,1.145298145425207
-0.5740566434607685,-1.0261292160822164,-1.2436960699287063,-0.3922629097237397,-0.9705779586072361,0.8949759104441188,-2.0481492964153936,-1.643944924444589,-1.7478663948974364,-1.7606311565455592,-2.1939535064406126,-1.234800394633888,0.0729888999945252,0.8197745082666332,-0.535700006249225,0.8155090196085387
0.500258038227902,-1.3579248805167168,0.20080745717696669,0.04825047496362066,1.420318675475917,0.16328415868115517,1.8262977199702695,-1.7443075148964955,0.9341752829936258,-0.14949220854650122,-0.008202731105551886,-0.9107266013627269,-0.6527280719248993,-1.4889775741784113,1.4639525762777619,0.26069938822198113
0.7588205920238138,-0.6267399379513634,-0.5374284736965143,-1.1976721019285324,0.6990137719875837,0.7130815008795736,-1.062118962326332,0.4707286477602583,0.9321729792958334,1.5414862250147818,-0.016927531376488614,-0.25734030453273266,1.1534953711014646,0.8637551734824344,0.47141765476300324,-0.2622832922002975
3.1293017938378935,1.1099888162377227,-0.4754953157563518,-0.3035847231999602,0.041023296800586,0.798881579587616,0.4198608543028521,-0.19872356626243812,0.8853414878920471,-0.38603260595417277,-1.2039654263801003,1.0293198781105954,0.26748064343244493,0.8911489439198665,-0.06678358837759504,0.24220851582881278
0.041937573346277165,-0.3061800447433711,-0.912388412268547,0.6832391793386511,-0.05664627211823505,-0.7375624780716021,1.233742025672757,-1.9707018861077177,0.42126320429112174,-0.6358331043669365,-1.72775119873413,1.5769010222514668,1.585190155995949,0.6493197305430402,1.7352374867075506,0.4595102677692631
0.3170614717140567,1.203545766961386,1.098017834724679,0.31937554828977693,1.4121031401285824,1.5787120371967656,-0.6278652520764549,-1.4318430804689848,-1.3993572811540362,2.663045624154763,0.6955741717651018,0.37169287919447724,3.2623675921516537,0.5342643319616497,1.2528187002084057,-0.860123849658746
0.13314013567391228,-0.2102835527462219,1.4633128607373573,0.34690475695721545,1.1553457730722483,1.0090432267690332,1.6634322433135573,-0.32829777445541797,0.8627113823484147,1.3462214127839838,0.804708171428226,-1.2459415069119284,0.4165461432498463,0.6691776049971853,-0.7880630935937969,-1.4430648083550406
1.680138547897259,0.9111667345982748,1.2382027467333687,0.8250141781596886,-0.6350762229583212,1.718142798940054,-0.4078392655396071,1.2469476018941024,-2.166453942759712,-0.013968466881463722,0.1926561899480085,-0.9758878526687363,1.4711085910238537,2.0013831054597904,0.12211673820318951,1.320466132117986
-0.2747003760293735,-1.274731571927383,1.218477592265092,0.6784727705355654,1.2275408402190737,0.3426335775845268,-1.3042835338959895,0.7650389061139681,1.001497805736605,0.12053753404529344,0.8310408334015862,-1.521141884088392,0.607203851364432,0.19870023845141202,-1.6056562836467,0.5681348246395912
0.25077963132300063,-1.0548105301497113,-1.3126082085653918,0.41991980773711446,-1.2427590616481263,0.184458137548202,1.1379283684848278,0.7188944957901551,-1.86687217239426,0.613002701447299,-1.1515941870957922,1.2290538536983349,0.7005247838534389,0.4510464467868205,-0.5052748150507571,-0.8330505085737755
0.7976596832946712,-1.0831741001472828,-1.1561785633899693,-0.20140773413449417,0.21113865866398546,0.6337316997467908,-0.28337922626386314,0.29177823268939423,-2.2038036649699615,-0.838662379340484,0.40997485290927493,-1.4267212801364684,0.10915700703201608,-0.18937419585251808,-0.9449161661385276,-1.044823961875793
0.31391998586137215,-0.9870269394211071,0.838780244651972,-0.6158188546473832,1.122585341016708,0.18137230324570786,-0.0942158531897111,-1.5356440133751357,-0.8841869314253297,-0.027030154055009713,0.4178422674535945,0.49048762355460446,0.8210449401541251,-0.10239181514937272,-1.2773363210932807,0.014193182931261
0.5114543050547068,0.30307689968133666,-0.006581470772904722,0.024296309499717193,-1.1598747754130692,-0.04851111108088606,-1.0058713903222674,-0.21280835079829077,-1.8637644973676915,-0.25263303910891444,1.7103045499298672,-0.3068264992972958,0.18702378026306346,-0.8615661608747277,-1.5836299910609637,-2.0181399958419073
-0.7777826526757478,-2.687548325972097,-0.8870117514611742,-0.48406167844144476,-0.6307816374616345,-0.13436375060645447,-0.15352995277904716,-0.8993120741833915,-0.3197071908244416,-1.5692876585614348,-0.6941132205844195,-0.26521186436043076,-1.1299591027607865,-0.26619590021456874,0.519117953855128,0.4441206229366248
0.3995326696210256,-1.5304121955606789,1.351794947053462,0.5070607529571391,1.565524717555208,0.062214774567336185,0.984491360765704,-0.24678148119081025,-0.35707370772131586,0.27010077725322473,0.21774714978903276,0.3980130239738076,-1.5174226938081863,0.7111789229845303,-0.738849118400217,-0.936618422792536
-1.4157160565087268,0.622645428306221,0.05867545176665973,-1.1638925816414691,-2.1354068759701046,0.20977053851381414,-0.1642603955036011,-0.057553802468045145,0.482387151021114,-1.2391083670316418,-0.40877059879457245,1.0110236296222999,0.009717424372337668,0.1774890791908534,0.8410255868688737,0.07765217348101495
2.426303364805324,1.9737632485235417,0.11878778588305251,0.5851731401872804,-0.3540573225328436,-1.238350408493601,-0.7931582328277113,0.5949916545313853,0.724002328239046,1.7471726261751421,-2.2681435085425905,0.6989341316212037,0.3451835607101054,-0.8010301820275173,1.2929474306268158,-1.2013995024093527
0.7645288299962992,0.676003309467712,-1.7403559908881445,-0.7303888337078365,2.1291967532205094,2.4410413005776923,0.6608741014359227,-1.524616137927472,-2.178850210414737,-1.6800095964676427,-0.2742180615990689,-0.3557378177373893,-0.8565566648820575,0.8860083133678452,-0.26107945818565625,-0.5151851476839027
-0.34428023437501176,0.3885032475620797,1.4900656200116547,-0.7522755609708802,-0.6628753411748002,-0.7820993842286175,0.4185001005591777,-1.6467640093765832,1.4463320356745042,-1.2464275992149407,-1.100171326452209,1.0264040265683514,1.7481504625407258,-0.39872101128177956,-0.25583421107428034,-0.3795340466067604
-1.279549864899121,0.8061008006601621,0.029214486677405765,-0.03326561712168232,1.2654922583626491,-0.154134668347244,-0.09454645358859888,1.0463564717501057,-0.538500292038511,0.005397714923469003,1.2056245882555445,1.5928473486633634,2.143561134818897,-0.7307490651108054,-1.1355477877017917,0.17274913330298608
-0.630152996705799,0.23054507307824784,0.9341827638683374,0.4859659778087709,1.451157805640062,-0.2920912362401916,-0.8301790084330984,-0.3617412376174244,0.4217224088206455,-0.16809843227165544,0.18473202324812213,1.4262803948233076,0.5476419436284337,0.06097973776075436,1.014824619448786,-1.57222885297237
0.7559779620500472,0.1652741187242737,2.0052665540054893,0.753131455390191,1.2588188012976431,-0.6775250637645263,-0.015303129947941257,-0.009650929973730972,-0.9451118225430097,-2.182812607965878,-0.5863134842535718,-0.977812319254716,0.19343041843310302,-0.37150233590739473,-1.012069269229741,-0.6910970603977926
0.5530264978700564,0.38725410714474084,0.38146449483520856,1.0222043285949498,0.010778524145444019,0.42692182984865495,3.1103653924924712,-0.3702729482814111,1.6512553747155245,-0.6705241635860479,-0.6812484432950976,0.6520060818523304,0.18104682408739178,0.606927836416438,0.5602436998180458,0.22701168327626484
-0.2656839442693509,0.3996206237943512,-0.5372622929033377,-0.18283617306855887,-1.1864361391612843,-1.3593942712052804,0.13707697265915772,0.2436357887584497,0.08523692791945835,-0.7683204607978015,-0.8900206392960489,-0.9852640312993046,-0.2550541326200366,1.1202108443267118,-1.452608253067426,-0.7073228073491443
-0.0757321260301892,-1.4653431203584082,0.593449494494032,0.34142103365887283,-0.6752794199536323,-0.32303228400260936,0.11701226502770286,1.143630483428937,-0.8430697542768664,-1.0859391200030624,-1.0570920163101025,1.328668735517456,1.9230467277771612,0.6763266440627088,-0.7020057630209298,0.4212332409178073
0.14870955008374148,1.2677508961020572,0.8685707309131745,-1.9536959447072177,0.7045798748075732,0.8487683007690092,-0.9605529089007887,-0.4670337081316945,-0.6528231905360131,-0.5040495627527143,-1.950830723618096,-0.5699344649768886,1.8637113925714472,-0.07989109690188975,-0.5254017535339568,-0.5349408824853807
0.29899805121639683,-1.5076238093835868,0.8101810825559993,-0.5074584869449659,0.056546215672826416,0.42535036886429833,-0.8193011179830013,1.3801477938695867,-0.9120099764937656,0.861377698507677,0.1411231689459856,-1.9761813804086152,-0.7783053106293818,0.05672407401290339,1.4672495119078721,1.3971925943267196
-1.2072887000751216,1.232387413285214,1.4847410726724863,-0.7105893258051427,-1.8070946012641125,-0.23059141888627807,0.596237931505141,-0.481749981763281,0.10078339541687363,1.2026370841553926,-1.091601856528904,-0.6381434865935339,-1.0484845653066497,0.176455792408824,-0.8233618336619879,1.1439583576681562
-0.24990463776712085,1.1227249481133914,0.7507115337118012,0.9643223109351127,-0.9362633842637907,0.7459151164081097,-0.14557745779507675,0.6124721747707286,0.21697731339223716,1.0938242337491921,-0.6380631922870439,0.050289685954706724,0.007223181359405755,-0.7969124983829223,-0.14084610740664721,0.28860457539598133
0.1956338560296601,-0.5324313191457297,-0.9624464682827809,-0.8798464102423971,0.8309995604736901,-1.6784923175009798,0.6845909507416374,-0.03882174529060075,-0.47110479236138697,-0.13242319805612737,-0.8495936327749645,-0.03906472237788884,0.452537780545487,-1.9012856752353477,0.4329981281382064,1.334515813998944
1.5643448909636473,-0.08957770699207564,-0.9155749869500324,1.3715798961199148,-0.5029258139290838,0.8992140958368701,-0.7536756542520539,-0.5682217723126465,0.7564189381613985,0.0005058735927260748,1.9891213951144477,0.5576776333396736,0.48540315962971653,0.26342754204480207,0.9018841540887905,1.1441406982519953
-0.3396636511682721,0.7483940911023582,1.1704814861252117,-0.4156343993173629,-0.542241869037907,0.22504537895898497,-0.6430186659164122,-0.08092433345840344,-0.4067924197677461,1.0023040761588136,0.5860060330811913,-0.9520615581341754,0.18843422167912088,-0.19406535198427202,-2.260319970346254,-0.12724226713907863
-1.2090222620526712,-0.5993605202137796,0.9682031895888075,0.05872204988363951,0.24838118442577864,-0.03639991000291922,-0.649596012560848,-1.2942688591003944,1.0963071382451672,2.1155024089866186,-0.5869457526683864,-0.2487377629726029,0.4554237499660298,1.3930084773652602,-0.26416224272899647,0.3943717701002943
-0.24504056151177522,-0.7384366646635977,-1.0121283265153858,-0.348137529129726,0.895375796017446,-2.2343667647202237,0.13787802648737438,-1.66780506478537,0.48651363065248604,0.5429527338317919,-0.5929627474275523,-0.19181398659102283,0.8545122317575485,-0.13265578826552696,-0.961263534477688,-0.29159943629699053
0.489677196586187,-1.1092499746091644,0.7955932632376869,-1.0535841394061864,1.1525068646822652,0.9433278256962349,-1.2422563322472755,1.1451468263946616,0.11405376755340267,1.2779316117688786,-0.44569088534520085,-0.6374525778955934,-0.7552706286959524,1.5696214026670177,0.1123698203111673,-1.4634403425854012
0.08769804432398551,0.4441637446518757,-1.384493187271267,-0.22488920705750345,-0.8513196386001222,0.11457625034642939,0.768692693695423,-0.7369144103384503,-1.713384812789668,-1.300914613788839,0.8968518423465384,-0.737229598620154,0.7163342303818686,-0.12026074221080542,1.1832758039653015,-0.992613835638453
-1.5582637745695749,0.16954267579164417,0.4863025340392215,1.4857923309501277,0.5035880534932584,-0.07930523247534654,-2.079447593702759,-0.4956901706379565,2.4284735431070446,-0.5196318179972258,0.7854786358001798,0.2808747105823234,-1.170574884948492,-0.34960040739416776,-1.6843110277019364,-0.19356006670486858
-0.10772945673504526,0.2202068448078237,0.5448924640855873,0.1569087785595406,1.712249211295739,1.120970449368597,-1.519109617203836,-0.9146808193200069,0.0882915050782259,0.9064455330674166,-0.32118630193768344,-2.476612208504213,-0.9212614332408886,-0.09444110405422715,-0.6453265068593776,-0.7833575965167384
-0.024905071803017598,0.4434320169257838,-0.4138666200167128,-0.11907034680088237,-2.4869112430141938,0.668264684143507,0.5568381906413187,0.6134560910020004,0.6005068430147996,-0.7375829682157661,-1.0430030011428513,0.0899840638923544,0.9984821427970285,0.8062302485423024,0.34744571234681365,0.5473665466482339
0.08915820184280461,-0.75691156701613,-1.6214173734691881,-0.13140165384566957,-0.4508168899252735,-0.2941977952476538,1.410585625315952,0.3077126526842389,1.198745705975792,-0.0666152454443999,-0.2011795363377718,-1.2435953688279806,-0.6378683820961327,-0.2540288850156889,-0.5260809693192007,-1.3823128202108268
-2.0585313532153746,-1.0513341749736904,0.4663101700299563,1.3214933649077691,0.07936472726476021,1.4759009429745824,2.628729911175468,1.2918533807335497,0.19007912526968035,1.497506586042192,1.0729915922544873,0.0896779055634816,-1.3909801340797068,1.774930438401365,-1.8156826679855786,-0.37555115639542497
-1.4604064195761035,0.4485422003236735,-0.6671108766715642,-0.750323767335992,-1.1855589136507987,-0.7316597169947705,-0.09074855958759508,0.9019970399388404,-2.0325397308186166,-0.19493412369178476,0.4191000463126145,1.5647122762503036,-0.8515519748088274,-0.6182185199119422,-1.137442836869733,-0.6499667407077048
0.4531587444454814,-1.34990491408563,0.7530117515385023,-1.4390998911051787,-1.2806278954302521,-0.9261988299282503,-0.9392853930323332,-0.6374954012637922,-0.09932002357561188,-0.23634475452938286,-0.045720087873466674,1.642530040206966,-0.2740355130289813,-0.6759583653619399,-0.3718035832649276,0.2161230377877233
-0.4234986866085687,-1.094686249727655,0.4427115070273613,-1.4907467899804447,0.13058735083583675,0.1110468871066276,-0.893352136068126,-1.3532353557228445,-0.2499513979509765,-0.1757615841218622,0.007629938966734223,-0.4103947084472476,0.13383321416417648,0.10017600174935101,1.1619911143392907,0.828946125089136
-1.0948183698118197,0.8079431664744112,-1.0094455707653458,0.6630663520515574,1.508634871093574,-0.369490733232039,1.5113158776820423,-1.0532276084872454,-0.7977151551586555,-0.056937951530024476,0.2699128058158993,-0.003539107045822595,0.6132824819072129,0.343123815367635,-0.26961576654692393,-0.3530142347707767
-0.7988006287819792,-0.4133930047779232,-0.19012064564230777,0.387106788376029,-0.5675595859590502,0.008255602489132248,1.6877299934328274,0.02695351492006332,1.440611316958047,-0.12039296033066557,-0.36740657422684075,-0.6828925928727119,2.5335005105441675,0.40996862236626763,0.6395385515405073,0.2926903899400016
0.6770443298118732,-0.4634003362021331,0.26187904916790883,0.378970889961986,0.03632486640134921,0.0507669422679805,1.200331666953419,0.46801017956125907,-1.624292415625459,-0.7439250245882569,-0.6277035453302243,0.13714023568689768,1.5896326324190273,-0.2145889125656412,-0.39334387138555926,0.09443489809732127
-0.8005353626978383,0.8669121110809906,-1.7909352073032987,-0.9381284716353661,-0.156269363343064,-0.9291858955168778,0.23525236602265123,0.4299200071861323,-0.6369625564412054,1.059086143282148,-0.41708992953414936,0.19674547932790384,-1.6945351129796402,-0.2785673301456207,-0.7217213616981626,0.1673384782171963
-0.8572597569611009,-1.974070491005284,-0.09516821250028387,1.2852912814098318,-0.06300279076492542,0.21556409581807123,-1.4232872103768204,-0.19715042280265835,-1.0698958371942147,-0.29436691323327857,-3.4538648877681264,0.14931311776005482,0.6493613331705237,0.5892843642736248,-0.33432077577751096,1.6449282378172554
0.17989723646659525,2.4684894712260466,-0.22698305786901704,-0.6881215317474064,0.6107908748197893,-1.5127456850714363,1.2396767796785337,-0.3094909213654385,-0.6434394482377452,0.6153862955618286,1.0991745033786025,1.3928317698003512,0.21476654376464951,1.383932454884953,0.2973963932483652,0.5660028045448645
0.7504341009544849,-0.08513005385158343,0.8834225046984869,0.32351206675970295,0.1937027093989835,0.9689572093450688,-0.8209737209219519,1.4619187570892482,-0.3458810084394116,0.38181138527538744,-0.03704068895309006,-0.4684759921916339,1.1142263135136998,0.7652955200951184,-1.1820837404771731,0.4038747119585014
1.003422624245126,-0.2496018546788911,0.7802529777599558,-1.4269099158647043,-1.3309189853812142,-2.060221564572428,2.0673351280815684,0.39554729908824665,-0.4056325328033027,0.9219125977230697,0.7778867161035579,-0.1580018030148851,0.1921956530265836,0.053641218190357214,-0.17214961594998596,1.5844795819797537
-0.1469692016832203,0.36826308632702714,0.05628161083361229,2.5392237324473315,-0.782559413623954,-0.9091710345497166,0.3537905563334744,2.098283491676813,-0.10088253087629051,-0.6391807491638405,2.407047379744902,0.10006211127937721,-0.3499313863590132,0.044257946324445706,-0.18158511550296308,-0.23918994836912352
1.7136394385257765,-0.882475330550248,-1.3663258065268093,-1.74001261420349,-0.640477028168348,-0.1331815749586925,1.4844546494208193,-0.14018825476475,0.4643131027162456,-0.6908860820115542,1.3473766763288677,2.3572495937609466,1.7116805461674358,-0.14907135651494888,-0.2712797202551406,0.7022692778863703
-0.4562719746211365,0.07620602066923624,-1.1958778561857712,0.5381757054818166,0.3670407402173596,-0.7454875932542029,0.8571470864408033,1.1597417516792914,-0.6343584196730973,-0.5912774317616005,-0.3511688972311322,-0.5045564431945274,-0.5888764721723888,-2.0572411612057633,-1.0742138622729522,0.675774029052927
0.0668174501997112,0.3186375311757507,0.3180723588289516,-0.639576407403235,0.42257887019764667,0.031927958392532846,1.2175548258989097,-0.2292292160737639,-0.43117897661324706,-1.1893686617060724,-0.1200398282926759,0.7169231558170348,-0.8402820726405825,-1.272246947208244,-1.6274313644877998,-0.3214923651901734
0.9589714934882121,-1.5095947308594049,-1.0910739744391518,-0.8583990601654702,-0.8323172166971207,-0.9997133302108975,-0.8917969656245253,1.860950645623735,-0.6368639303128705,1.050436440983721,0.18556110859685354,-0.08976960231512636,0.18343439340278517,-0.21019028322617164,-1.487425540563474,0.9071272047618434
0.5622636563064042,-0.1914587107758669,-0.1897790329525233,-0.9159587763605531,0.05798416266425418,0.7791698810265925,1.1782592513478691,-1.3025561110689,-1.3652786053124204,-0.8478235858443833,1.3479592443736155,-0.3907916069038379,0.8683067815150333,-0.011210583012763576,0.6633788957604547,0.005951648248141661
-0.7628569379712548,-0.9920169347454236,0.9262650763847231,0.7702303100986032,-1.514764233264922,0.14952705666488542,-0.9306419155299128,-0.8257459828707856,0.9392413322779513,0.7232488415714521,1.1460026787220248,1.612837038453025,-0.2220704541934627,0.2682122793363805,-0.9656466398405436,1.0919874026626424
0.9216341599259937,-0.48015955099883045,0.15361672228618198,0.24543157374026256,-1.3252552453112088,-0.1965028496792531,0.7378151956567377,-0.42380975915023833,2.483458685135829,0.05913697688387141,1.5275320379789004,-0.30808250075686533,-1.1114862734291844,0.47172715905906154,-1.2507963018900927,-1.8758315259200091
0.22543507506427254,-1.159536326931807,1.6883646041959166,0.5935339565799377,-1.0025693986393651,0.9781169302432359,1.3491145664615407,-0.503713771835573,1.7180874351764093,-0.8357556856889207,-1.4067476737470674,-0.37467449711373185,-0.43495419938380575,1.5857790975544501,-0.3396118213132544,0.9767645252389524
-0.18717561162072532,1.4949407794267973,0.07123559761445689,0.2508277249980858,-0.082340147880497,-0.10849098130636926,-0.2887349913371521,0.3717342372191336,1.0341909782175762,0.25833741333480303,1.3892715694672673,1.2342236980641512,-0.018528753739874032,-2.1674173357860305,-2.27947094166137,0.3590770326908831
-0.043520709627051644,-1.0671482292162775,-0.08383340687323128,-0.25222106532085053,0.3497975598631577,-2.039195190089646,-0.642858279764473,1.8691688867009373,-1.8229222106541074,1.429142251911497,-1.4045258579960185,-1.5343793515541013,-0.23002587678697534,0.5389070713897299,0.4409306795437475,1.1186778680126344
-0.706709815185712,-1.345850265206049,-0.8175715255370897,-0.06821679773971034,1.07861265911786,0.17305414118680154,-0.9657886762264032,-1.1924628081487447,-0.6097101109735218,-0.35686582353388585,0.34802975676618697,-0.4145948711705001,0.2628991594942442,0.43272576872472013,0.38871804508174906,0.3265557395977955
-1.2400185827242147,-0.3914014856692557,-0.29351016712262007,1.2696011523831545,-1.7595990556382208,0.6509608344372768,-2.242777697560954,-0.03855665198839613,-1.070418757891345,-1.1448924066760386,-1.5530955948817047,0.6992713515922716,0.7362928550641878,-0.3616674867188179,0.9212016655489951,0.21283146318104526
0.027752254894455645,0.8255385884045761,-0.6233283771416355,0.3592409161668032,-0.7859966196840321,-1.2581280708919993,-0.8395121032373979,-0.8652137883486253,-0.07015117049974456,-0.37113438380420827,0.102333827379817,1.550407833092895,0.44504746355295177,0.19375040422924306,-0.506017959541652,0.38364281186522686
-0.46040380761293415,-0.26220858825159554,0.5591769598449738,-0.16737187229205022,-0.016310484909779963,-1.36326570594168,0.7635730423354096,0.7209604641572053,1.146901392752186,-1.45699206226775,2.785660921441609,0.952525075240857,-0.9814361791404973,1.0250301932424521,-1.0829950453556327,0.49256843768946845
-0.9281783269797124,0.3641873177531716,-1.154656382360697,-0.2841780472482001,-0.96661382294078,0.3175111139159787,1.091288738240507,0.8384823617861633,1.0057203372937622,-0.6177467616061384,1.5881082798495776,-2.153947746873151,-0.9457209412134845,0.1593757581005921,-2.1659858844171462,1.0515840245654011
2.1589232710488915,0.9425399761735491,0.6743899049871239,-2.6342554719167706,-0.4349362326463441,0.8010943731142425,0.9254726757241366,-0.38468616801273253,0.7041261142323835,-1.2702948176846918,0.8841547140895,1.1202279036489629,-0.9733020206784085,1.3155171540418789,0.20023320375174172,0.3878385328120105
-0.45075690028828924,0.35305371751720427,-1.4995734914619234,-1.0415362520742613,1.154552015540631,-0.6307397860265154,0.15769646469694334,-0.8912159137999216,-0.6070909954547481,-0.2737629165305215,1.8250318969687607,-0.41437265782495253,-0.21290759274242851,-1.0411185039533264,1.9980542680490216,1.6713078355548474
2.9466160943609383,-1.457193915282094,-0.6150174317220195,1.5027585427909076,-0.8856772022814555,-0.9630778581913692,0.2523946435220963,1.893966430539777,-2.2195028974626467,0.39747482829970854,0.5410620241086572,-0.7084959263472945,0.1293004444183816,1.3722105436276886,0.9816615906745331,-0.41813594381733793
-1.004712115217491,-0.1941336932969451,-0.19730428662379249,-0.5481894206485237,-3.127907957214985,-1.2034141550813664,0.0861896884465245,-0.9916483395036955,-1.5082383156167884,2.0011239463912314,1.0129435573436278,-0.8072860302681867,0.39825571130979565,1.155168114796488,0.47861565582371846,0.617259354127041
0.6986435486887119,-1.9035811419124957,-1.2793849095484588,-3.228055096065696,0.8210114710820517,-0.262780067426038,1.5178864293411956,0.5704028555410724,-1.839054411913929,-0.20135078651615493,-0.3346852748368367,-0.8037594741690761,-0.5782111394277121,0.064894490239914,0.1931788081983198,-0.5577989767095597
1.981280540858283,1.6862153094088996,0.7340890864436777,1.1745426245878559,-1.9633422979282729,1.430888240621055,0.2303516352289863,0.4747836136131679,-0.15015168514306027,0.6846301821849436,3.26787519126115,2.2574413209795345,0.9263496864064027,0.28832859337714656,-0.5536425931655022,-0.527417395979035
1.101103547279116,-0.5069148711623402,-1.0649870810682898,-0.949941379137578,0.3110126993186151,-0.6913567860559445,-0.4956756519659423,-0.2518247412278299,1.6663335128763617,0.4379607453679305,-2.5432419697318838,-0.463289367225432,-0.11817184231104766,0.10950482012583994,0.49629726900656157,-1.6902341483165952
-1.6840575874963282,0.45889240782739565,-2.1557849350309466,-0.692355005274058,-1.2201348210752283,1.8055246762212083,-0.21904524180772483,-0.9204035164144718,0.03228180939190965,-0.19641842000814436,-1.4802204049485843,0.35643844422532184,-0.20481261897690436,0.8065929556160163,-0.5685696888900801,0.7510273785919223
0.23255664103888768,-0.4868710955719561,0.3224531461021959,-0.4357988786566292,0.25529934902187024,1.3130447556872125,0.3701234129918273,0.8016262019055885,-1.776969921495731,0.11665849068800094,-0.23402256209442832,-0.6953103623131456,0.0797798650512646,0.5980496724809392,0.7872735319637624,0.20950504482581075
0.006923070749197395,-0.2950352725933135,-0.36190182615870864,-0.43745364592524494,0.415636946564796,-1.291768520749285,-0.3836608239738823,0.42501473360404807,-1.0465408225824522,0.4503787351128438,-0.7304053817379774,0.6459307797985414,-0.02255571789576008,0.15362015781739288,0.5113304833389348,0.9879110791600718
-0.5196647215782683,0.6680228520922586,0.9692669996449311,-1.2918405483201685,0.2241187823327824,-0.8037698246374361,-0.49772263655785043,1.2888873242289354,-0.18455212202757557,-1.0899825984725702,-0.7885348060441156,-0.4783757640824135,-0.32615841430308734,-0.25547197518795417,2.2173384888028687,-0.5794418888901364
-0.04304859278042341,-2.2387301236397863,0.40008624169323337,-1.0414554399804246,-0.5256747851049283,-0.22442705709600685,1.0809079462379978,-0.809554731623299,1.3988412339159508,-2.2478945368010277,0.637699177033324,-0.04030145692671212,-0.19336264820586063,0.8817046780969366,-0.2136788714602747,-0.41584082864611716
0.21426968322921824,-0.7780059691997149,0.5740080323048952,-0.11470009750848521,-0.5209633526263817,-0.42016872843517394,0.00577752322204718,-0.6768516050528102,-0.04794975102611452,-1.1744680482643908,1.1785169661981127,0.11888868104330884,-0.9939532035511339,1.5149860399585837,0.4292992661985145,-0.29871200087987815
-1.381173979649358,-0.501733071987066,-0.9970014702358758,-1.0955675293617881,-0.2799938485663987,0.09830050330324289,0.8367218030727688,-1.238957184161536,0.4518101634307602,1.7007723147663445,0.9674984959256256,-0.45069767715724646,1.1933661112811373,0.9989121791948996,1.403396417045133,-0.6378261961532881
-2.1473373993034603,-0.9477771914587445,0.17808837063299818,-1.0361493333174046,0.8548212238067029,-0.532399847811506,-1.158051798435585,1.1690263696447019,-0.06402007742841673,0.9485346085286918,-0.9067422967699873,0.5893154382436427,-0.15858191480443515,0.7060218305021448,-2.0290957421174496,-1.092796197323596
0.8288926924230919,-0.5592052182750663,-0.3881808278880969,-1.3853778901144456,-0.15673748049305683,-0.8010000568528107,-0.7947309822464131,-1.7880824984037578,-0.11937629726027242,-0.6934468032995195,0.3361134491736749,-1.460700775455846,0.12944270608650527,-0.3158500114099125,-0.8862392913861777,-0.08835342224919633
-0.1046437314001873,0.6275112776728227,0.13172438544185605,0.1570520957596768,-0.2950253860702088,2.3645174861072342,1.008965445961573,-0.11680632564949514,0.667539528180219,0.18871436669147681,0.5325131462775804,1.2677768267376495,0.21309765984602103,-1.4474053968388232,-0.32120756775021403,-0.034388912523964615
-0.49089902356612214,1.3506879606877116,1.0614926289651931,-0.79725244141936,-0.9381012842877052,-1.7545656666388803,0.19215309776993564,0.6726643187892332,1.1786485164324672,-0.1632322583255289,1.5359902463992716,-0.4614146324782939,0.920406143957608,-0.5997095911382819,0.29373379252045034,-0.7981954132093223
-0.18473276430643484,-0.010031321469236293,-1.276970175928418,-0.03385729651814183,1.794612513223243,0.40063594034325195,0.9107704583926957,-1.2453293998437156,0.9191050489459638,-0.06695537681096032,-0.06170976709439274,-0.8961082636039477,-0.651769337664971,-0.09082793109983289,0.876968775201235,1.1527561817756011
0.09024496796221909,0.4284968878053039,-1.647253482283191,0.3332575597977989,1.314798787616534,1.4828251243200032,-0.17406766469279658,0.7313183228703083,-0.4599198603353592,-1.0025808802296876,-0.5647269258944861,-1.4004386053060276,0.34442924316449486,1.672145011133436,-0.8910785407589421,-1.4965549526289934
-0.37135031095355325,0.11246597836642493,1.2778342165190275,-0.25932157997365485,-0.31292642830811973,0.6471596648356485,-0.7394691236698503,0.47808588495459525,0.7800225687595863,-0.031354856860943206,0.950823825299713,0.01206163439280422,2.202212917774141,-0.5590372621624362,-0.9231618328981711,0.17448675109224268
0.14777426775116898,0.04788975992129634,1.818000554408134,-1.6777689725725042,-0.6346934722501133,-1.4321150008758192,0.3120977160101293,0.09356231270898246,-0.950771432425506,-0.8790140516680004,1.0349935782142317,0.1089214366650151,0.1442455813203629,0.8883505946148704,-0.7005602091818042,-0.1292242858280099
-0.44084079045199137,-0.7151140074915528,-1.6637674470846116,0.4501830627364096,-2.7183653936340018,0.4930423827591658,0.23875578072096534,-0.9743155843988828,-0.20866325412417122,-0.46596623780732727,0.2104345458927685,1.185575351731381,0.9522020507540866,-1.1802594884541264,1.9441761667844097,0.17345405902624494
1.4058956602107504,1.5997399681290512,0.39256735184790614,-0.8933455849181863,-0.42576860874269856,0.1481193845727446,1.3397942445789872,1.654301816316872,-0.6268929014730121,-0.5380936591290226,1.3458859459100327,-1.0187577527022762,0.08466086004509804,0.6987243985267131,-1.3233138909024174,-0.07685829117882924
0.45988158788687805,1.2686472673243734,-0.20764149005952318,0.9686425595765462,0.11937617637965038,0.29113459656070967,0.7378993530036294,-0.22741395137180703,1.1549095585722429,-0.17251530772069598,-0.2778960623358095,0.195129992685894,0.5388574016343591,0.2780107301821952,1.459023456296969,-0.3367033913658861
0.805335540983223,-0.3083536856446438,0.9464442237153844,-0.83383103579019,-0.9211551999165134,0.4941133778049014,-0.03755602729611327,-1.7745535730783644,0.5245947290285771,-0.5870845644792909,-0.4998754290616451,-0.5094150593905246,-0.37713378094342664,-1.282136987907513,-0.5932024020454187,0.812424449058788
-0.48394075783678764,0.030114593443181688,-0.5828993442014427,2.0466814647022193,0.6794041839549398,0.7541945079680081,1.1048001767211675,0.14815269694966995,1.7704993782340757,0.806054346991507,-1.1624202107797723,0.18680779595141125,-0.010954824356929623,-1.2662617409448083,0.4028868994893756,-0.38838739223745816
-0.6265145637812775,0.11752732744469162,1.417976604026102,-1.7107716998293307,-1.175737723447861,-0.8840307869978942,0.5951874614513013,0.9583303789807992,0.4265003541916342,0.28448340723040777,0.453125109836757,1.7797369471122353,2.341837243490893,0.6105616355892487,-0.7412862596894717,0.17586255298380046
0.7119726221180693,-0.6168952403827583,-0.20438346221378503,0.09590180506417904,0.37121612046174807,-0.7338375468768653,0.23364070450575314,0.30592598636550233,0.7198745954449043,-1.7005983916117127,0.13851720043312404,-0.3305156699384615,-0.20097886608365018,-0.30584706987841903,-1.7241816195090542,0.25694563484402394
-0.33983952840255777,-1.1332040417641962,0.2982020269228226,-1.3804202820232192,2.9176324365015223,-0.19115060325344557,0.14495535791911188,0.00717615900496469,-0.06358268636680024,0.47482423518602823,-0.42053013054015415,0.7789134161834456,0.2257317574685328,0.6559011582995515,-0.9703205521276754,0.4065318078946112
1.3451129417391372,0.9356484275635104,-1.6665060784832153,0.7425815867217951,-1.405408963947206,1.9722307760991475,-0.17535925586001763,1.2510911815906725,-0.16793860738173996,0.3837237965552535,0.6359397708215963,1.9626578612861092,0.5828144691196346,0.08993419084610484,-1.3612995972101234,-1.6723623214184984
2.204041379533378,-0.8322358267404089,-1.053068867243175,-1.676374874527952,-1.3788224464135117,0.18984110025218862,0.8059940111204659,0.06298202713779878,0.8280682048337509,1.552748349769228,-0.8730432377976725,0.577003880388914,0.43318904820653753,0.22320554356551142,0.39534478054350963,0.8250770579837858
-0.8064466582320345,-0.37048376633291197,1.6328614756386153,-0.21221027591894953,-1.0899493436198178,1.5190136273113322,-0.2601610018446996,-0.8144986010768565,-0.3919331756001081,0.8985801909788843,0.36292857228098635,-0.8266704684765703,0.09247894667876046,-2.0824269003594735,-0.07264652292929043,-0.824538446521169
-0.026082588242823754,0.7469687250276729,2.3142663603639733,-0.9614612192317474,0.21265717262506625,-0.5190297458839587,1.516145769825738,-0.106666418999194,-0.38548323138281115,-0.06979411727401373,-1.2721053385392185,0.49580147364713784,-0.014153163212121626,-0.035077751443755675,-1.069131555100419,-1.2509876917113099
-0.8813503330751006,0.25247929266279034,-0.6778170450227605,-0.19457767550199495,-0.5484269748232621,1.0782584075951316,0.10266738233617076,0.11980953539146955,0.426420752166502,1.5021273369435273,-1.2091127745295227,0.9796389720061272,1.314569678725656,-0.16273837094231638,-0.1125078357956473,1.0945488129313756
0.7596257400867839,-0.5467666327995248,1.2042622289994824,2.2512262657512174,0.04801506450195229,0.34539035711532357,-0.012138672733184124,0.7645905313497927,0.8833875554770815,0.5184826679771074,-1.6113275275088248,0.3237732384800591,-0.8371580589202564,0.17321203969114932,1.2762287759564195,-0.3064294926689509
0.913982317404862,-0.9365510197279631,0.468997666169384,-0.0661593687877096,-0.8256575117353809,0.5013103017373536,1.4076264610413078,-0.4118476849395059,-0.9837605555261373,0.9038896281185261,0.040858317327225696,-1.213897098397651,0.695652749820063,1.8462038164415107,-0.3384892581508411,-0.3145008591976609
-0.6366997771657956,0.7740886806946891,-1.2448560727451372,-0.6732216341287015,0.29986833599974666,0.18727910632722503,1.159544846187944,1.3082844412339603,1.083482285225023,1.525433849233922,-0.06634829051388241,2.4180546907082094,-0.37957575744348115,1.8965632632277083,-0.4205509228306009,0.6890695762527882
-0.10202240634078194,1.3200280567247318,0.6418826776974671,-0.6182518071023715,0.42466477174607814,-1.1836992105161985,-0.7162915157000163,0.2223271118244288,-1.9112173316504322,-0.33116804586538856,-0.4710848898484464,-1.7344868794263073,-0.6835890299906789,-0.7035759960431148,0.2682329459272273,0.34889605092691367
-0.8856794332522182,0.8567053377376985,-2.1247034542749916,0.7780510125260871,0.22671682600122633,-2.894917140823855,-0.8821908829491959,0.590434558856202,1.4766275985161976,0.792159255254188,-0.6186495676988232,-0.9164862842985447,0.4961106339319815,-0.45246967511310365,0.992909889304767,-0.20565604461865608
-0.792146279590935,-1.1648181688005466,-0.2964659102205277,0.5900513393125819,1.1041852265356304,-1.8623706142095553,2.7460871378299987,-2.7293311991263387,-0.39589063082167114,-0.1304485222492482,-0.6439489769544604,-0.23347475117674743,-0.4221334170732612,0.529430632538931,-0.6930145467614789,-0.564209263756226
0.44937504141399165,0.8420331562012552,-1.6036831570194194,-0.9632811249288491,-1.3640614088552883,1.3203045313931505,-1.2183337417596396,0.5273415029188706,-1.0436717745834578,0.1691511949075514,-0.7756944615100148,-1.2596808668192172,-1.2048925513204842,0.2259240529772811,0.2983506818439151,-0.5948443030153118
-0.7693515334482172,0.29611553328017903,0.017129039800973987,-0.34960593692827124,-0.02101174025607013,-2.34940465290085,1.363236821324673,-0.15200838908045142,0.18135721244149552,-1.8102200460736824,-0.800837730452277,1.277637406318411,1.3221490793204087,0.9014269360820631,-1.13280178706424,1.2896056438833454
-1.1048563916537706,1.6140487202185487,0.3180124349106185,0.8715467632263415,-0.44514988439763514,-0.20128314677973955,-2.030043822366406,-0.3526736006663515,0.2890067107456285,0.5173788685213733,-0.7430910408196009,0.07965313567239693,-0.23115525382304808,0.8552638888980386,1.4605117753035881,0.9127914978323522
-0.8107557709755288,0.7499025254773407,-0.8953764928008152,0.8337511608907467,0.008762040903980904,-0.02627587972739773,-0.0009606675556502998,0.08668864753667105,-0.8266763229394177,-0.2108625205272721,-0.2786356267385759,-0.43410040440278247,-0.3193830855212852,0.8868504929322796,-1.4222878293965249,-0.7924236476095844
1.554672906028311,-0.32903751818314736,-1.0394388393905294,0.9720575533775765,-1.1246422809597587,-0.4828087019519528,-0.864911203779682,0.9641394946144237,-0.8795392053870458,-0.6531286478580011,-0.09344784707559374,1.0812445733223992,0.7374157571435912,-0.38913466380049194,-0.6348891955379999,0.04379647362123634
-0.5436078932646161,0.20745538893765092,0.40217646865936724,-0.45930445717829116,-1.5492979575683241,1.2482956909493799,-0.10067285315381717,0.17031715500227845,-0.2564229310323025,-2.133579669101946,-0.2482564168625567,-0.9854910168119531,0.3707616643419812,0.5691083299634083,0.512542719312026,-1.9970045653300454
-0.15384611656208103,0.04147419643697187,0.1192535415883539,-1.2343940547391856,0.6060680171015156,-0.8158982246532667,1.7115422617461022,0.013060513423143462,-0.4710858719537354,0.6764420767370887,-1.064716315774396,-0.32745612330554486,-0.724679391857263,0.969498647512138,0.4766543686398664,1.0265194731454588
-0.8856967440368221,0.01784502134494032,0.39132436684884936,0.08834767530964147,-1.8796837434790863,0.2816551834658798,-0.9361089410016727,-0.19140950916983346,0.47268483269086364,1.6147499070431093,-0.023350591144625673,-1.5180403335968016,0.8430840071317174,0.9675827207162961,0.28308181936703974,-1.8824017219352571
0.549274345658402,0.8632107501597669,-0.5097673171954182,0.7455700354935617,0.827393619182934,-1.0329246758919366,1.0083963213432536,0.445197485969516,-0.2828239889613912,-0.9369567034869467,-1.1491861938625665,1.4839195935789278,-0.5299774947116184,-1.7138718946744054,-1.4654381719553282,-0.23144736424805562
0.6910965972759978,-0.06367570525784833,0.4189078978712664,0.9969255057756641,0.8285780473733747,0.6149464348460976,-1.0049546633708217,-0.4371788524084456,0.804923986867728,-0.21956067342578656,-0.2974591357816753,0.10581493616557357,0.14185529575750355,-1.1366128735391503,-1.1703656897858818,0.9276433828188333
0.4909891156289537,0.32238212503129926,0.15578160439486033,1.0068804217297556,-1.6031329458838444,1.1051765379195266,-0.05906715992123414,-0.6220167291624947,0.748433253115043,0.12353779340291257,-0.24211671184897637,-1.132255147770211,-1.3324357655236874,-0.8469125196533179,-0.027272260143235975,0.34879887680382965
-2.0329904881298546,0.7510526359652131,-0.8125851239107386,0.637187914677808,-0.6357306609176847,-1.230643335285012,0.6228854612921066,-0.6623846053815783,0.024804864584655965,1.7876598581685712,-0.19752663006629406,-0.3981585567702767,-0.05133369296635832,0.10558632724492785,0.15627428902791796,-2.1106204563960222
0.6802733733026117,0.36715952588303175,0.2875097754619109,2.2018838052303247,-0.39886105446736725,0.8659983155075549,-0.3864390566401815,0.38575271940770267,-1.334656188848286,-0.5425312528551473,-0.3363491379003295,-1.5228432329233663,-1.343894809401964,-1.3151636481501048,1.715584668349179,0.7951901006016754
-1.2277141880416793,0.06546355425874933,0.42409826743283674,-0.5374705065068501,0.2165971834370479,0.8376482642706256,0.09945922000309107,1.7594242690307595,0.4630673265036735,2.42287709596339,-0.6668529275010592,-0.7789926994298756,1.179689501107417,-0.6439977523345753,-0.2589101951547919,0.8539814573692669
0.20310483107616528,2.314827171031166,-2.4274975220136508,-0.04903765078964298,-2.0331491901395196,1.0532553385084535,0.009270551075875754,1.0325856869770187,-1.0104535512388673,-0.9859390477534783,0.6289233019675295,-0.868279585998903,0.5232438837163933,0.09352885896676434,-0.1942358601963158,-0.608354127967455
0.3127628574841189,-1.2442375447088707,-1.4533692604316388,-0.24158211581941152,-0.829133456069216,-0.09838891610814215,-1.1827985050326388,-0.2748148110669617,-0.5319375781942642,-0.2667862482443876,1.2737572937448722,0.032284686540168805,0.4647179758354028,-1.3305344900404115,1.3774462999160875,0.36550138281894246
0.71127554062854,0.032109086674832615,-0.1728302649315173,0.9312107094495373,0.26139963447473197,-0.21722870954478515,-1.3694662072692894,1.1071750683076345,-0.7496992269183748,0.7475088111634025,-0.7429559547110303,-1.9723001154760544,-1.0457526382415145,-0.4446820731197066,-0.7536926313377997,0.3100225992494776
0.15028737479699247,1.5612514448775054,-0.40257039746742707,-0.7889726159308083,-0.3544765044435575,0.2813633565098512,-0.8753429861298435,-0.9093689873274405,0.8066604495902898,-1.1506306349094189,0.47582021742302905,-0.6983328252560022,-0.9645785481989217,-0.4996580707905984,1.216270881701403,0.31875378037601076
0.22963980134087575,-1.0816146809507412,0.3263016969197103,-1.4061517794985536,-0.7326461116511118,-0.6129308056348562,-0.5128095172337661,-0.035632596451726284,-0.7814734913575417,-0.16956157369094493,-0.20251941360903836,-1.0926268264634196,0.23564885985902004,0.1434904338544019,-1.2888958550986753,0.05832138401284237
-0.607900878396725,0.9751055424786166,-2.346233294289527,1.0533550846427389,-1.5551301154075219,-0.44688808139346153,1.0770902251741081,1.1652381398825349,-0.3190115009831673,0.05514931582350765,-0.1549473119429459,1.6750916018436535,0.25376038168302634,-0.8378842573107167,-1.9954161649298952,0.24844495433236785
0.5964727893790854,0.3135536702810956,-0.15837938381336147,-0.2999163606316687,-0.6916431222664357,1.1971894926961992,2.4117557918716606,1.531236912973492,0.19021179774457256,0.20068964898646974,0.4877603607152194,0.25934160979527354,-0.4003968202233493,0.785725841081388,-0.780469903668269,-1.6150536217598797
-1.71950684637868,1.1959522844710193,-0.5075118889912502,1.2205233218537674,0.9465673072208364,-0.156525825531677,-1.3756504350079635,-0.14824749792196848,1.744296178357933,0.370169735650094,1.8485515219052167,-0.8241293763846909,0.11181815490611095,0.3054225572151925,-1.4551633890593927,-2.6471612119043795
0.8050939569618701,0.3559378272219197,0.10721669718745633,-0.7105475987692207,-0.03957395782271787,0.22804212322587147,0.48361943768338284,-0.934005946898084,0.39134594008168955,-0.8771493477266961,-0.174288917010975,2.7395148470182784,0.8809706089407101,-0.1916899370516337,-1.0536397472040606,-0.8955340650276579
-0.3486505958222681,0.04047774254149048,-1.7117867274408076,1.0909176403967844,-2.2761062497492235,2.1744417906443916,-0.8736717477906444,-1.4379221504955884,0.9734007869171121,-1.4425728470437693,-1.436260985290256,0.7591169668435668,1.5347096002873133,-1.484334203220171,-1.1515554959602299,-0.15565679092693963
0.8646957690113096,-0.6536698048502139,-1.6145757111085353,-1.3515568596925471,-0.4379809479900194,-0.325376047788542,-1.0026201297380066,0.391624908099268,-0.5699797612403037,0.42912379037214304,0.6410666911975907,1.5393954398386016,0.19788642713150004,-1.2300694832934627,0.13226400011935371,-0.33594020793394685
1.4204440939526939,1.6966513123051974,0.39735777808776784,-0.19520467969535124,-1.3058762085202242,-1.243714540389182,-0.4934118146135558,0.07317469936220905,-0.8051117647386147,-1.2507278902939691,-0.8232606531978754,0.3180920766589353,0.39702933339406205,-1.6239237679885754,1.3553250700400736,1.124672460259481
0.44271458047198325,0.6703618119143478,1.2584373656338512,0.8357866195919492,-0.3304663219095488,-1.8321450502387133,-0.5243943799111985,-0.6176061834259599,-1.3495102702319997,1.3263804699577997,1.0547237725827316,-0.3739219348793925,0.5473746255585415,3.2684701219433525,3.394044743129643,-0.6059859775699783
1.1024359744630097,2.362394761712861,-1.8670100430407783,-0.3943596167169683,1.1206264282446146,0.07510585297546402,1.4649755428434916,-0.5734119968955905,-0.8802471078828681,1.2947785471747693,0.8282845141040688,-1.3338470548031145,1.1155773004265268,-0.4888936434548212,2.085083136661073,-1.1988855448700124
-1.0884110800808258,-0.4578265481777694,-1.7221883365432227,-0.5206067027807445,-0.22587800657015156,2.5867924812943377,0.9808908594317517,-0.12144224751448014,-0.8455995189485597,1.2336846715656131,-0.9607824219305529,0.5487287924358076,0.3825764642866677,0.010625913408229846,-1.6610883955476061,-0.4803232932206155
0.41000200962151906,0.6812583751299852,-0.07099460237133458,0.5581170266631237,-0.4628273908071297,0.48031488866609195,-0.8913772564376482,2.343688530257016,-1.513476262762213,0.37118787272661025,2.058813729106082,-0.6710656805716132,-1.3491293415767,-0.11813050525397334,-0.19300776461101216,-1.0990632718564597
0.7593136880152117,0.7140884924068982,-0.21836049980435823,0.7293972467171272,-0.8643109634849926,0.39569977224335584,-1.4549106311590758,0.6216215568226917,0.32889116551919106,-0.008062991398947747,0.38599836525059483,1.5164925760150942,-0.4837001797791688,-1.113794378104504,0.17092308305949147,-1.1973775514559641
-0.4150617590511251,-0.13268069722835935,-0.19039622116073165,-1.3524081507362986,0.6891766195509985,1.46166676298686,-0.8151414363537247,-0.9565299672206079,0.17849743840834306,0.04869754604331456,0.22086103077373306,0.7182129323794633,-0.03330919750643723,-0.7628907390756778,-0.09386177525961989,0.24811694820132593
-1.1821573527548217,1.7903823325124866,0.08298953328584292,0.7664415305597652,0.8752275727600877,-0.5702920633241383,0.2981448036619624,0.24795067610902866,-0.8656106981043342,1.4105930196890986,0.8405299636230019,0.28744178487032496,0.18898800520305617,0.03270977930962635,0.48575891289060924,0.5678557714503928
-1.3704839003579052,1.2603120820997833,0.9435743772934786,0.5798160023123082,-0.8481062432973093,-1.5089257638391136,0.9000046177369523,1.3216939195582407,-0.5252651852025586,1.3003270988486657,0.30525485153553983,1.1665406038772574,2.4007516199576244,-0.9343799817033095,0.2679138687952789,0.5536937869498757
-1.1796779157763548,-0.3453175455593901,0.4755339780725437,-0.6033310027295393,-0.42940272174094896,-0.18601673372932034,-0.5300212504414287,0.7596349019816131,0.43125701617802525,-0.8499169427762893,0.5219864386706932,0.5509470010208968,-1.8539413182589886,-0.6871139283537546,-0.09709269302432415,-1.223242964272929
1.1319193433983594,-0.40536085042796854,-2.134739932847245,-0.0695613659771397,-0.9631392311264743,0.47700078849000604,0.9142976325823022,-1.7611485922915955,0.7282642899850948,-0.7242739531364811,-1.105901952572544,0.2244201240361453,0.8591748697026547,0.2745677947656452,0.17007223781689051,0.9980732465315518
-0.3438000018634297,0.8371806248463173,-0.7401171816627353,-1.1324160368254366,-0.11083559571091216,0.4031314511288761,0.5721897390540837,0.39411175926328795,0.9537938646820425,-1.0353989667829397,0.27463360437630846,0.17052361192836932,2.513021362844058,-1.0196687960044288,-0.6669724620405814,-0.8396777529343112
0.5621889345162017,0.09592377256871713,0.017902126681633154,1.150740035672777,-0.9964443357909599,0.30984567792959455,0.600050062044448,1.1417655611720101,1.2522827447607041,0.818602758290389,-0.9589901430090716,0.5523435218401352,-0.8005652893804938,0.1496700105938401,0.3417816150680746,1.1624986269062187
0.25800931992571186,-1.7956449633656915,-0.6908004551465775,0.7859037531952089,0.9396065145504514,-0.7757819730542348,-1.220526974626452,1.0773007505396521,-1.0044283434305363,-0.34243736971295613,0.6324226097046656,0.05959485950372493,-1.5307930770446379,-0.9464964699998717,0.5536972001084303,1.9894849520703826
-0.1517521474604025,0.18670865603185824,-1.0617224608122218,-0.35060997471914035,1.1901861637223345,0.9490842528691775,0.5309471776545035,-1.3392821614551456,-0.0612325737961468,0.32767846890681995,0.24126847059600418,-0.6068192693314468,-1.934518487214962,0.4132848136729463,1.5473965205722244,-0.11959539365061966
0.7208369408827101,-1.2720296610280597,-0.7362454352660649,-1.7861192640577555,0.2463645186445905,1.0053166596285077,0.007470603330724627,0.7053536277206989,-0.7325809846328482,-0.6429323795391706,0.10023908782176758,0.31049481018867003,-1.4302117978918285,1.1244956908749015,0.0530915582045849,1.335257660592472
-0.10160191113174435,0.34099248993333725,-0.24187587172963704,-0.7890461418691388,2.2068432526868675,-0.9193629892417384,-0.1757634816850464,1.6972315104595286,0.018503028779396625,0.23181973170282089,-1.9182063319977058,1.0696934848509123,-0.1451884726061836,0.6294360280531118,-1.5905334181715556,0.5173430764598141
-2.7120779840931313,0.8472921030947501,-1.8272026402207493,-1.410792585080454,-1.108299634221976,-0.05581944304695152,-0.7274804714831312,0.005690451456766161,0.9467618947225722,0.48383964783905736,-1.4948638375053382,1.3916604376784918,-0.8163108671281524,-0.11651799362938287,-0.0738067910776598,-0.446699266110469
-0.8227777924039646,0.1461327964652175,0.8230539745476694,0.7306563019318566,-0.3834572670540353,0.1571316632369785,1.5289443398168419,-0.6976394823744066,0.24651473626700865,0.9043722691330655,3.424057358334314,-0.0019884461945214957,-0.2652177195751674,-1.7828589984593863,-0.4498103538748852,0.903749728742806
0.21717646216044068,-0.0683222069888257,0.3797208019394817,0.5738952986631839,0.9296673281035821,-0.5219398415484457,-1.2115383788523988,-0.9505260911396615,-0.5045915717581763,1.6234588485466137,0.20180737923662892,-2.0306009602786204,0.7046010462827234,0.1557327368140794,1.206352479977985,0.3882681753122025
0.1734030430082433,-1.9400391624921998,0.06838897895265098,-0.5248833987525181,-0.5884651927586204,-0.8188271626174208,2.08081743672238,2.665893963324362,0.11994676927780863,-0.9234327706292054,0.29091748778337384,0.02224080855881435,-0.40071414342240974,1.307023582711896,1.3585840137457341,-0.6200627793133849
0.7669514954769633,-1.2089447614470867,1.1140226242823896,0.22575343451712118,-0.6912667662046919,-0.21206002328732923,-0.14490885665316566,-0.26785964656675476,-0.7040287978320922,-0.38429861999778697,0.09760547848758581,-0.10210282903023243,-0.4201844435225558,0.7509539501594652,-1.6608823591863262,0.8366627747566215
-0.7555653496627474,0.24531233203772948,2.879426861960089,-1.3746259910671832,-0.873938241388953,-0.5468978074784643,1.1994172391320235,0.5969370042183945,0.8260771406302265,0.8122208844909241,1.4091528737934458,0.836295847532023,0.49294392114515384,1.7984504975895317,0.7168636613462015,0.5540249216602237
-0.9207609369337245,-1.5579240510579213,-0.6522744498462565,1.0590682635507638,0.2983343797432288,0.21384641741372049,-0.3581587547476892,0.7501451253670842,-0.6062959647680662,-1.4475509545450256,-0.7159256191754624,0.19738919788126527,-0.7386009543237563,0.2976246975544579,0.9405923435580806,0.254855127151753
1.3616343722470734,-0.3604442355690389,-0.058649522404194014,1.2110577859472427,0.9171380978077864,0.5731644694589233,0.6192942349034601,0.36433703939874773,-0.1994199828606233,-0.33562565131901106,-0.7411901371507892,-1.0632363351631622,-1.4292544061734196,-1.327718166069637,1.0401410845687928,-0.5035484096976737
-0.8998453386276708,-0.12530486048897585,0.7118943863799152,0.4663738050704655,-0.7856970413098892,0.4034164976264893,-0.12564128823029272,-1.7062609383737104,1.573400013323266,1.1433297052366962,2.282600369335268,1.935254599196515,-1.6672417916431916,0.28698727795048706,-0.02959840466432166,0.8997398151897593
